Template: NONE
Clouds: 0.06521739
BkgDroneVolume: 0.2769565
Palette: 9
EffectColorA: 18
EffectColorB: 13
FadePalette: 8, 0.1413043
