BkgDroneVolume: 0.2769565
EffectColorA: 13
EffectColorB: 6
PlacedObjects: Mushroom><278.6079><129.8592><-375~420~2~3, Mushroom><308.1667><116.1104><-392~339~2~3, Mushroom><329.7213><115.7255><0~0~2~3, DataPearl><258.3334><126.8606><0~0~0~0~0~0, 
AmbientSounds: SPOT><SO_NAT-LilDrips.ogg><59.91577><503.8186><0.2608696><1><462.9158><317.8186><-183.3553><-87.35535><0><0.3934784, SPOT><OM.wav><60.53912><386.3039><0.25><1><735.5391><244.3039><-50.35535><-65.35535><0><0.1, SPOT><AM_ENV-WinterTrees.ogg><747.6876><389.5693><0.3804348><0.726087><452.6876><480.5693><-88.35535><-31.35535><0><0.2956523, 
FadePalette: 8, 0.173913
