Template: NONE
Clouds: 0.2065217
BkgDroneVolume: 0.2769565
Palette: 9
EffectColorA: 0
EffectColorB: 13
AmbientSounds: OMNI><AM_ENV-Outside.ogg><731.0682><474.438><0.2826087><1, 
FadePalette: 8, 0.2391304
