Template: GW_SettingsTemplate_Inside
Clouds: 0.2065217
BkgDroneVolume: 0.2769565
PlacedObjects: WaterNut><655.589><460.1186><0~0~2~3, WaterNut><637.2075><464.3046><0~0~2~3, WaterNut><273.5368><484.6966><94~-136~2~3, 
FadePalette: 8, 0.25
