Template: NONE
Clouds: 0.2717391
Grime: 0.2717391
BkgDroneVolume: 0.2769565
RandomItemSpearChance: 0.4065217
Palette: 9
EffectColorB: 14
Effects: Flies-0.2065217-20-20, RockFlea-0.05434782-26-87, 
PlacedObjects: SeedCob><222.7561><493.9499><0~0~7~10, DeadSeedCob><206.5554><427.204><, DeadSeedCob><416.7168><275.4472><, ExitSymbolHidden><1871.125><112.5936><, CustomDecal><1543.91><202.6302><-98~378~225~456~198~-36~-616~-42.00002~0~1~0~Rust1~1~1~1~1~0.326087~1~0.2065217~1, CustomDecal><1501.861><119.3564><-24~504~239~438~193~-178~-493~242~0~1~0~RustB3~0.75~1~0.5108696~1~0.2934783~1~0.4021739~1, CustomDecal><2193.124><136.8429><-7~480~260~494~238~-50~-276~158~0~1~0~Rust1~1~1~0.6630435~1~0.6521739~1~0.3043478~1, CustomDecal><2434.082><95.85797><50~556~-260~528~-219~-11~-473~-192~0~1~0~RustB1~0.6521739~1~0.5760869~1~0~1~0~1, CustomDecal><2738.676><107.6544><-105~690~364~593~298~-16~-458~-13~0.6521739~1~0~Rust3~1~1~0.5~1~0~1~0~1, CustomDecal><967.6614><99.17929><-74~132~1143~126~1032~-14~7~124~0.05434782~1~0~DirtyWaterLine~1~0.6413044~0.2826087~0.6413044~0.08695652~0.6413044~0~0.6413044, CustomDecal><3731.885><124.1479><-7~86~-865~79~-814~-6~-308~193~0.05434782~1~0~DirtyWaterLine~1~1~1~1~0~1~0~1, CustomDecal><1555.449><485.9785><-2~53~85~58~84~1~-313~-367~0~1~0~ScavMark Cross~0.8369565~0~0.5~0~0~0.5217391~0.4456522~0.5217391, CustomDecal><2278.213><498.0533><4~55~119~45~115~-9~307~-409~0~1~0~ScavMark WingedOrb~0.3043478~0~0.5~0~0.3586957~0.2826087~0~0.326087, CustomDecal><1661.555><484.4424><10~55.68604~54.68604~49.68607~50.68604~-10~-390~-104~0~1~0~ScavMark Circle~0.2065217~0~0.5652174~0~0.5869565~0.7065217~0.2608696~0.3913043, 
AmbientSounds: OMNI><AM_ENV-WinterTrees.ogg><833.4445><645.4421><0.4565217><0.9413043, SPOT><AM_ENV-LightWind.ogg><641.3671><438.1621><0.4021739><0.7456522><2371.367><605.906><-200.3553><8.644653><0><0.4369566, OMNI><AM_ENV-LightWind.ogg><658.9496><647.0126><0.423913><1, SPOT><AM_ENV-NatWind.ogg><63.80249><443.193><0.173913><1><276.8025><585.193><-168.3553><-46.35535><0><0.2304347, 
FadePalette: 11, 0.1086956, 0.1304348, 0.1521739, 0.173913
