Template: LM_SettingsTemplate_Transform
Clouds: 1
Palette: 25
PlacedObjects: LightSource><103.7558><2850.077><1~Environment~451~-12~50~86.60254~0~0, ZapCoil><796.7219><2652.651><33~212, ZapCoil><788.6475><2206.949><43~221, LightFixture><396.9482><2021.967><RedLight~17.32051~-10~81, LightFixture><78.13672><2271.271><RedLight~17.32051~-10~75, LightFixture><792.6198><2930.159><RedLight~17.32051~-10~35, LightFixture><531.0046><2516.792><RedLight~17.32051~-10~46, LightFixture><848.1409><1580.271><RedLight~17.32051~-10~68, LightFixture><310.3464><1357.086><RedLight~17.32051~-10~16, SuperStructureFuses><146.7069><1349.9><146~143, ZapCoil><413.9435><1092.8><39~58, ZapCoil><468.189><1973.647><265~36, ZapCoil><467.1656><1815.681><270~31, LightFixture><807.886><2230.408><ZapCoilLight~17.32051~-10~89, LightSource><759.3193><1069.524><1~Environment~-270~-5~50~86.60254~1~0, LightFixture><419.7236><1106.302><ZapCoilLight~17.32051~-10~8, ZapCoil><617.7117><290.2676><39~260, ZapCoil><254.4891><295.085><36~251, LightSource><450.3375><187.9842><1~Environment~1~161~50~86.60254~1~0, LightFixture><103.542><282.5354><RedLight~17.32051~-10~40, LightFixture><766.4012><598.8261><RedLight~17.32051~-10~25, SuperStructureFuses><51.1731><2407.869><196~149, 
FadePalette: 17, 0.4130435, 0.4130435, 0.4130435, 0.423913
