DangerType: Flood
CeilingDrips: 0.5
WaveSpeed: 0.75
WaveLength: 0.5
WaveAmplitude: 0
SecondWaveLength: 0.1666667
SecondWaveAmplitude: 0
Clouds: 0.1413043
Grime: 0.173913
BkgDroneVolume: 0.2769565
Palette: 0
EffectColorA: 1
EffectColorB: 6
Effects: Flies-0.01086957-20-20, 
AmbientSounds: OMNI><AM_ENV-Outside.ogg><764.0152><469.9494><0.3913043><0.7065217, 
