Template: FS_SettingsTemplate_Forest
RainIntensity: 0.01086957
RumbleIntensity: 0
Palette: 15
EffectColorA: 13
EffectColorB: 7
Effects: Bloom-0.173913-30-30, TinyDragonFly-0.7608696-74-93, Moth-0.5108696-40-40, 
PlacedObjects: DangleFruit><2386.93><412.1968><222.9991~20.70712~1~3, DangleFruit><2325.904><381.3474><290~123.9934~1~3, DangleFruit><2245.573><387.9352><371~192.9881~1~3, 
FadePalette: 11, 0.2282609, 0.2282609, 0.2282609
