RainIntensity: 0.01086957
RumbleIntensity: 0
AmbientSounds: OMNI><AM_ENV-CityTone.ogg><706.2792><561.8021><0.4673913><1, OMNI><AM_ENV-CricketsWnd.ogg><704.6982><476.277><0.4021739><1, OMNI><AM_ENV-LightWind.ogg><506.3><506.2504><0.2717391><1, SPOT><AM_WIN-NiceWnd.ogg><746.9359><520.6763><0.5><1><2098.936><648.6763><202.6447><-465.3553><0><0.1, 
FadePalette: 6, 0.2717391, 0.3043478, 0.5217391
