Template: FS_SettingsTemplate_Fridge
CeilingDrips: 0
Clouds: 1
BkgDroneVolume: 0.3043478
RandomItemDensity: 0.2065217
AmbientSounds: SPOT><SO_SFX-ColdNight.ogg><792.579><367.0663><0.2065217><1><469.579><481.0663><-41.35535><-73.35535><0><0.2630436, 
FadePalette: 10, 0.6739131, 0.6739131, 0.6739131
WetTerrain: OFF
