Template: FS_SettingsTemplate_Forest
Clouds: 0.5108696
Grime: 0.4891304
Palette: 15
EffectColorA: 3
EffectColorB: 13
AmbientSounds: OMNI><AM_ENV-CricketsWnd.ogg><790.9387><549.8096><0.3695652><1, OMNI><AM_ENV-Pasture.ogg><733.7994><407.0562><0.1956522><1, OMNI><AM_ENV-Outside.ogg><726.6989><475.7292><0.3695652><1, 
FadePalette: 10, 0.1847826, 0.2391304, 0.3043478, 0.3586957, 0.423913, 0.4347826
WetTerrain: OFF
