Clouds: 0.6195652
AmbientSounds: OMNI><AM_ENV-WallHum.ogg><706.2861><430.1967><0.2934783><1, OMNI><AM_ENV-NatWind.ogg><741.3011><489.2283><0.2608696><1, SPOT><AM_ENV-WallHum.ogg><715.0766><427.8496><0.5><1><491.0766><218.8496><-101.3553><-33.35535><0><0.1, 
FadePalette: 14, 0.5434783
