Grime: 0.4891304
FadePalette: 10, 0.6739131
WetTerrain: OFF
