Template: NONE
DangerType: None
Clouds: 0
Grime: 0.1630435
Palette: 15
EffectColorA: 11
EffectColorB: 5
AmbientSounds: OMNI><AM_ENV-LushNight.ogg><723.306><507.2986><0.6630435><1, OMNI><AM_ENV-Pasture.ogg><684.3234><458.5938><0.1630435><1, OMNI><AM_IND-Midsex03.ogg><726.4281><549.4366><0.3804348><1, 
FadePalette: 3, 0.6847826, 0.6956522
WetTerrain: OFF
