EffectColorA: 2
PlacedObjects: CustomDecal><33.41534><272.3875><-13~360~959~402~1038~-12~316~-267~0.25~1~0.1847826~CandyTag~0.6521739~0.3586957~0.6521739~0.6739131~0.6521739~0.5543478~0.6521739~0.8804348, BubbleGrass><649.6616><468.8206><-369~-20~4~9, BubbleGrass><816.1345><608.5867><-342~0~4~9, Filter><718.5531><502.5351><134~155~0~0~010, 
FadePalette: 28, 0.4891304
