DangerType: Flood
CeilingDrips: 0.5
WaveSpeed: 0.75
WaveLength: 0.5
WaveAmplitude: 0
SecondWaveLength: 0.1666667
SecondWaveAmplitude: 0
Clouds: 0.2173913
Grime: 0.2173913
BkgDroneVolume: 0.2608696
Palette: 3
EffectColorA: 3
EffectColorB: 2
Effects: SkyAndLightBloom-0.02173913-20-20, Flies-0.05434782-42-337, 
AmbientSounds: OMNI><AM_ENV-LightWind.ogg><765.3163><518.5792><0.2826087><0.7652174, 
